41.1655820230647 58.2324106113033
45.3971886957397 60.7354543124439
49.5346874266640 63.1383762655388
53.6723486928936 65.6414199666794
57.7162270879831 68.2445854158657
61.7602680183778 70.9478726130975
65.7103635423272 73.6511598103293
69.6604590662765 76.3544470075611
73.6108796608364 79.2579777008842
77.3735719778107 82.2616301422529
81.2302097012304 85.2652825836216
84.8992816823699 88.4691785210816
88.5683536635093 91.6730744585415
92.2372631093435 94.7768486479559
96.1852456743243 96.1785531205946
95.4257181928029 91.2725874663591
94.1026808079143 86.4667435601691
92.6856980165803 81.6608996539792
91.1746072834957 76.7549339997436
89.6638416210215 72.0492118415993
86.4640090661933 68.5449506600025
82.5135884716334 65.6414199666794
78.4700351471545 63.2384980135845
74.1513095508554 64.9405677303601
71.5143367581732 60.9356978085351
69.4402237276372 56.4302191464821
65.2107300139307 55.2287581699346
60.5136222269656 55.3288799179802
56.7512549806018 52.5254709727028
55.4282175957132 47.7196270665128
55.9839258044275 42.8136614122773
53.1590621988545 38.8087914904523
52.3057518461930 34.0029475842624
50.6072579061333 29.3973471741637
47.8761771717005 25.2923555042932
45.1449339019624 21.0872420863770
43.7855156979111 16.3759576088968
45.9964473365268 11.9261021402024
48.9260333422584 8.10200759679324
51.8552807327707 4.06932607828896
47.9390828497091 2.95686221111539
43.3089712126020 4.13885506998732
38.7443251845615 5.45990591225596
34.1797920282607 6.85048574622297
29.6807244810266 8.38012356358665
25.1815440620527 9.84023238925199
20.6168980340122 11.1612832315206
16.0523648777114 12.5518630654876
11.4878317214107 13.9424428994546
6.98865130243686 15.4025517251199
3.07809700636377 17.7665374428638
5.88984491577544 21.7296899696697
9.22294739118496 25.3451975379839
12.5559369948547 28.8911761145997
16.3445898119761 31.8113937659304
20.5165550573566 29.7255240149799
24.6877302005587 27.1529513221410
28.7937783499136 24.6499076210004
33.3603431975302 24.5108496376037
37.2791371306065 27.2224803138394
39.6347703396074 31.5332777991370
38.7293132431721 36.4003072180215
35.0158330047375 39.5986408361456
31.2368871572363 42.6579164708730
30.0034247850292 46.4124820225839
34.7006951072995 46.4124820225839
38.4798666982803 43.4922643712532
42.7853592118087 43.2836773961581
42.5949445868167 46.5515400059806
38.6197147838553 49.2631706822162
36.0130548256058 51.0709244663733
33.4534443233621 52.9259579648853
36.9343004210002 55.9296104062540
41.1655820230647 58.2324106113033
