5.900000000000000000e+01 1.260000000000000000e+02
8.400000000000000000e+01 1.110000000000000000e+02
1.240000000000000000e+02 9.900000000000000000e+01
1.600000000000000000e+02 9.500000000000000000e+01
1.700000000000000000e+02 9.400000000000000000e+01
1.820000000000000000e+02 9.400000000000000000e+01
1.910000000000000000e+02 9.300000000000000000e+01
2.050000000000000000e+02 8.600000000000000000e+01
2.330000000000000000e+02 7.100000000000000000e+01
2.690000000000000000e+02 5.700000000000000000e+01
3.080000000000000000e+02 4.700000000000000000e+01
3.590000000000000000e+02 4.400000000000000000e+01
4.130000000000000000e+02 5.000000000000000000e+01
4.740000000000000000e+02 6.300000000000000000e+01
5.140000000000000000e+02 7.200000000000000000e+01
5.440000000000000000e+02 7.900000000000000000e+01
5.830000000000000000e+02 8.300000000000000000e+01
6.150000000000000000e+02 8.500000000000000000e+01
