 0.0000000 0.0000000
 0.0002448 -.0039587
 0.0014097 -.0085644
 0.0037100 -.0118342
 0.0077802 -.0139739
 0.0138803 -.0155934
 0.0217205 -.0168227
 0.0311905 -.0177319
 0.0422306 -.0183310
 0.0547706 -.0186599
 0.0687607 -.0187488
 0.0841207 -.0186075
 0.1008206 -.0182660
 0.1187706 -.0177345
 0.1379206 -.0170229
 0.1581905 -.0161412
 0.1795105 -.0151094
 0.2018104 -.0139275
 0.2250103 -.0125855
 0.2490302 -.0110935
 0.2737901 -.0093814
 0.2992899 -.0073792
 0.3256098 -.0051770
 0.3526796 -.0028747
 0.3803894 -.0005424
 0.4086592 0.0017600
 0.4373591 0.0040024
 0.4664090 0.0061549
 0.4956888 0.0081774
 0.5250887 0.0100399
 0.5545086 0.0117423
 0.5838385 0.0132448
 0.6129584 0.0145373
 0.6417583 0.0156197
 0.6701383 0.0164721
 0.6979983 0.0170845
 0.7252083 0.0174668
 0.7516882 0.0175990
 0.7773083 0.0175112
 0.8019983 0.0171833
 0.8256284 0.0166453
 0.8481285 0.0158872
 0.8693987 0.0149390
 0.8893387 0.0138207
 0.9078789 0.0125422
 0.9249290 0.0111337
 0.9404091 0.0096150
 0.9542593 0.0080361
 0.9663894 0.0064072
 0.9767196 0.0047680
 0.9851497 0.0032387
 0.9916798 0.0019193
 0.9963199 0.0008897
 0.9990800 0.0002299
 1.0000000 0.0000000
