 0.0000000 0.0000000
 0.0023478 0.0140157
 0.0048772 0.0210059
 0.0082966 0.0283462
 0.0126160 0.0359566
 0.0178253 0.0437770
 0.0239147 0.0517375
 0.0308640 0.0597981
 0.0386633 0.0678788
 0.0473026 0.0759595
 0.0567520 0.0839603
 0.0670013 0.0918412
 0.0780207 0.0995421
 0.0897900 0.1070132
 0.1023195 0.1141842
 0.1156189 0.1210354
 0.1296683 0.1275665
 0.1444078 0.1337778
 0.1598074 0.1396091
 0.1758069 0.1450405
 0.1923665 0.1500419
 0.2094461 0.1545733
 0.2269858 0.1585748
 0.2449555 0.1620163
 0.2633153 0.1648079
 0.2821152 0.1669495
 0.3012951 0.1684411
 0.3207950 0.1692927
 0.3405550 0.1694744
 0.3605051 0.1689361
 0.3805552 0.1675978
 0.4006254 0.1653795
 0.4205357 0.1618912
 0.4410162 0.1565829
 0.4621668 0.1501547
 0.4856274 0.1432666
 0.5092680 0.1360686
 0.5335387 0.1287307
 0.5582593 0.1213228
 0.5832899 0.1139449
 0.6084706 0.1066470
 0.6336913 0.0994591
 0.6588019 0.0924412
 0.6837024 0.0856033
 0.7082430 0.0789754
 0.7323436 0.0725774
 0.7558842 0.0664294
 0.7787746 0.0605414
 0.8008952 0.0549132
 0.8221756 0.0495550
 0.8425361 0.0444767
 0.8618765 0.0396684
 0.8801369 0.0351299
 0.8972373 0.0308713
 0.9131376 0.0268627
 0.9277580 0.0231239
 0.9410683 0.0196250
 0.9530086 0.0163660
 0.9635389 0.0133169
 0.9726491 0.0104177
 0.9804294 0.0076184
 0.9870196 0.0050289
 0.9924098 0.0028394
 0.9964999 0.0012297
 0.9991000 0.0002899
 1.0000000 0.0000000

